Lista 3

Exercício 1
+-----+-----+-----+-----+------------------------+-----------------------+
|  T  |  D  |  L  |  S  |  (T and D) and L => S  |  ~T or ~D or ~L or S  |
|-----+-----+-----+-----+------------------------+-----------------------|
|  1  |  1  |  1  |  1  |           1            |           1           |
|  1  |  1  |  1  |  0  |           0            |           0           |
|  1  |  1  |  0  |  1  |           1            |           1           |
|  1  |  1  |  0  |  0  |           1            |           1           |
|  1  |  0  |  1  |  1  |           1            |           1           |
|  1  |  0  |  1  |  0  |           1            |           1           |
|  1  |  0  |  0  |  1  |           1            |           1           |
|  1  |  0  |  0  |  0  |           1            |           1           |
|  0  |  1  |  1  |  1  |           1            |           1           |
|  0  |  1  |  1  |  0  |           1            |           1           |
|  0  |  1  |  0  |  1  |           1            |           1           |
|  0  |  1  |  0  |  0  |           1            |           1           |
|  0  |  0  |  1  |  1  |           1            |           1           |
|  0  |  0  |  1  |  0  |           1            |           1           |
|  0  |  0  |  0  |  1  |           1            |           1           |
|  0  |  0  |  0  |  0  |           1            |           1           |
+-----+-----+-----+-----+------------------------+-----------------------+


Exercício 2
+-----+-----+-----+-------------------+----------------+
|  M  |  A  |  B  |  (M and ~A) => B  |  ~M or A or B  |
|-----+-----+-----+-------------------+----------------|
|  1  |  1  |  1  |         1         |       1        |
|  1  |  1  |  0  |         1         |       1        |
|  1  |  0  |  1  |         1         |       1        |
|  1  |  0  |  0  |         0         |       0        |
|  0  |  1  |  1  |         1         |       1        |
|  0  |  1  |  0  |         1         |       1        |
|  0  |  0  |  1  |         1         |       1        |
|  0  |  0  |  0  |         1         |       1        |
+-----+-----+-----+-------------------+----------------+


Exercício 3
+-----+-----+-----+--------------------------+------------------+
|  A  |  B  |  R  |  (A and B) or (A and R)  |  A and (B or R)  |
|-----+-----+-----+--------------------------+------------------|
|  1  |  1  |  1  |            1             |        1         |
|  1  |  1  |  0  |            1             |        1         |
|  1  |  0  |  1  |            1             |        1         |
|  1  |  0  |  0  |            0             |        0         |
|  0  |  1  |  1  |            0             |        0         |
|  0  |  1  |  0  |            0             |        0         |
|  0  |  0  |  1  |            0             |        0         |
|  0  |  0  |  0  |            0             |        0         |
+-----+-----+-----+--------------------------+------------------+
